3.3520141041863085
3.0980327243336685
3.0325513807790334
2.963647018280012
2.9480868025391813
2.863389073008603
2.840179354826549
2.7330828593595844
2.740229634880089
2.7208828889298107
2.6552439412470843
2.616459829209818
2.55110275563666
2.535713497530042
2.422354885079588
2.3589745284605605
2.3234176353616465
2.283502339366089
2.211114364856473
2.171696004359236
2.119840173744865
2.084856808457129
2.0313779867860586
1.9979761493504757
1.9976075590965094
1.9270746122929598
1.932675633759184
1.8922073071482228
1.8672862627615523
1.8449019733181307
1.8536666517983351
1.8159908521100192
1.8405735473783822
1.8366624364871649
1.8293960171617858
1.8454853012209191
1.811652840165184
1.8076942824047164
