3.564902797977771
3.2848767568469825
3.1381242944266203
3.0949071476905163
3.0887942740370353
3.062948616060715
2.9898402743719066
2.9789497535574663
2.934332745129015
2.897685004519526
2.841030287295169
2.742272667583094
2.7240191087853387
2.6603973787319513
2.638078377495132
2.5972195296502103
2.55169072223675
2.5177295519814544
2.474096876044434
2.426875726137373
2.420028223225496
2.360981078143928
2.373263581039672
2.3214638554002804
2.3288516818764355
2.2943240377786984
2.298337755618768
2.2241446233557753
2.200442192081817
2.237255004871086
2.253343530984993
2.2431020037867038
