3.5109165819531074
3.296091750723661
3.207760876166187
3.1540222254561074
3.1278505866381376
3.063495738207288
3.0190033362133772
2.9925689687905406
2.9728440703297063
2.984564189378032
2.9638675658848412
2.941119991162501
2.93238504268187
2.9068060787488137
2.8531831270575356
2.8990788004011545
2.800155345460612
2.807701346167992
2.757447803976834
2.770402292149107
2.731636004928485
2.7027678438572313
2.681350003883482
2.6888852317880994
2.6342449347786427
2.6352037958431036
2.6030342300448903
2.604665924953853
2.565756002318964
2.554529465315356
2.4941027701286496
2.5464527399992005
