3.608047967135523
3.3274154321217475
3.204112928668956
3.115273891183853
3.1345595393080417
3.0511264959225253
2.9590010432043785
2.9175316676407372
2.869606229535705
2.8315184743659385
2.838382501861262
2.7141274823095887
2.663138221924282
2.6175947658951455
2.651623058204676
2.5175239680156434
2.53619565752113
2.5305894857487496
2.458074927680137
2.4663894262702777
2.4672763057703864
2.4304775355405646
2.4293566002517717
2.39132197601199
2.4189954226766104
2.349089219666237
2.4298186178000716
2.3523923747056217
2.316586041799931
2.341029809456567
2.3628961344571326
2.387242550451836
