3.392918670699728
3.1302114315511993
2.9990398822326068
2.9204549794006005
2.8588874572360954
2.8118461044021865
2.7071817606523165
2.612008435755211
2.4627728093826913
2.428918648592609
2.2770210518549274
2.2637030847354724
2.1923734615107118
2.1054772113134503
2.0327664698805354
1.962145723445814
1.9230030334886579
1.8799441913423762
1.843660019704076
1.8128923834303972
1.7716266769672402
1.7457560633169444
1.7145581691130363
1.7144598033580172
1.6849317748892554
1.6909523934977901
1.700223232110346
1.647208448617623
1.6776292514465059
1.6835217853512685
1.6992052008758838
1.6779030714875423
1.6906493313891475
1.6899713719100298
1.6777557633881925
1.7549536591219996
1.7298861541327046
1.7006742619215147
