3.612291800666768
3.3248127959305807
3.234379929554332
3.1800991180343927
3.1132834795441933
3.062300036964885
3.0083741699872615
2.985591590389223
2.9512100455840398
2.845972787363549
2.7880075351951685
2.76009969094434
2.675888045477512
2.6549279590550054
2.6287952188470234
2.6060127027722753
2.5595224666080614
2.543456417210793
2.469955385594677
2.455470513858938
2.438851956563651
2.435919314334249
2.4635034068084347
2.4029047014576124
2.421008815693145
2.3728493195313107
2.3984285791862354
2.365225406977641
2.4135262858448585
2.3720967176364347
2.3479244122875875
2.367227088621312
2.3668885898091725
2.3720157607435515
2.3261603561128426
6.755147157083676
8.524588605677302
13.487362507063741
23.188499926911987
29.13548637556222
